{
    "M": {
        "type_id": "opencv-matrix",
        "rows": 3,
        "cols": 3,
        "dt": "d",
        "data": [ 1.6954886088222948e-01, 4.6224885264513757e-03,
            5.1384507453941296e+02, -1.6385867311569175e-02,
            1.9199392133252124e-01, 6.4416376721339111e+02,
            -1.8638008033613617e-05, 5.1618038273854812e-06, 1.0 ]
    }
}
