{
    "M": {
        "type_id": "opencv-matrix",
        "rows": 3,
        "cols": 3,
        "dt": "d",
        "data": [ 2.1959566096406669e-01, 5.0194283813757394e-02,
            1.5025106126114088e+02, 1.8566109915735800e-02,
            2.3520333209908936e-01, 6.6541875354189187e+02,
            5.0174916778328584e-05, 4.8707927004942765e-05, 1.0 ]
    }
}
