{
    "M": {
        "type_id": "opencv-matrix",
        "rows": 3,
        "cols": 3,
        "dt": "d",
        "data": [ 2.2269899048307884e-01, 5.2725787616219433e-02,
            1.4835853880573868e+02, 2.1977736921376990e-02,
            2.4086093489718888e-01, 6.6512156306766735e+02,
            5.4620907088306874e-05, 5.4475544599016975e-05, 1.0 ]
    }
}
