{
    "M": {
        "type_id": "opencv-matrix",
        "rows": 3,
        "cols": 3,
        "dt": "d",
        "data": [ 2.1970727596415576e-01, 5.0257945511315835e-02,
            1.4950351924364642e+02, 1.9930041470789098e-02,
            2.3580751185949567e-01, 6.6500233092950418e+02,
            5.1119293583861299e-05, 4.9441911309472468e-05, 1.0 ]
    }
}
