{
    "M": {
        "type_id": "opencv-matrix",
        "rows": 3,
        "cols": 3,
        "dt": "d",
        "data": [ 2.2095972193052668e-01, 5.2820282524376948e-02,
            1.4854966944125715e+02, 1.9881384345353935e-02,
            2.4222265062384876e-01, 6.6460533970768347e+02,
            5.1675439036168588e-05, 5.5658569339879964e-05, 1.0 ]
    }
}
