{
    "M": {
        "type_id": "opencv-matrix",
        "rows": 3,
        "cols": 3,
        "dt": "d",
        "data": [ 2.1845606682284766e-01, 4.9453868808879441e-02,
            1.5091537849997127e+02, 1.8084147023576115e-02,
            2.3472442063788185e-01, 6.6509519768359155e+02,
            4.9257442700198263e-05, 4.8185868870702498e-05, 1.0 ]
    }
}
