{
    "M": {
        "type_id": "opencv-matrix",
        "rows": 3,
        "cols": 3,
        "dt": "d",
        "data": [ 2.1690100189474959e-01, 4.8901176631661124e-02,
            1.5099266602668487e+02, 1.5965102597549963e-02,
            2.3124826175999691e-01, 6.6575508153020178e+02,
            4.6427956218393306e-05, 4.5291159889563934e-05, 1.0 ]
    }
}
