{
    "M": {
        "type_id": "opencv-matrix",
        "rows": 3,
        "cols": 3,
        "dt": "d",
        "data": [ 1.8200104496391045e-01, -1.1777437623908460e-01,
            8.9846796782735169e+02, -1.0139419852107329e-02,
            2.1022670724403567e-01, 1.1958052725553002e+03,
            -7.7924113923726824e-05, -3.6949969239880922e-05, 1.0 ]
    }
}
