{
    "M": {
        "type_id": "opencv-matrix",
        "rows": 3,
        "cols": 3,
        "dt": "d",
        "data": [ 2.0194945951819124e-01, -1.1301825156373316e-01,
            8.9181555758215563e+02, 1.0829655798667702e-02,
            2.2346437063378710e-01, 1.1873960011145864e+03,
            -6.5821177859339905e-05, -3.2701485716235391e-05, 1.0 ]
    }
}
