{
    "M": {
        "type_id": "opencv-matrix",
        "rows": 3,
        "cols": 3,
        "dt": "d",
        "data": [ 1.7469908995673908e-01, -1.1953857305921757e-01,
            9.0120209845262696e+02, -1.6841129780207319e-02,
            2.0536102355708030e-01, 1.1973421388124357e+03,
            -8.1584625592308869e-05, -4.0454512160611131e-05, 1.0 ]
    }
}
