{
    "M": {
        "type_id": "opencv-matrix",
        "rows": 3,
        "cols": 3,
        "dt": "d",
        "data": [ 1.5136417594472151e-01, -1.5470817161041359e-01,
            9.0368695825675218e+02, -3.9525439137470607e-02,
            1.4455173308253519e-01, 1.2043132210645581e+03,
            -9.6058176337441537e-05, -7.6038726112261673e-05, 1.0 ]
    }
}
