{
    "M": {
        "type_id": "opencv-matrix",
        "rows": 3,
        "cols": 3,
        "dt": "d",
        "data": [ 1.8697575779999312e-01, -1.1451727940016138e-01,
            8.9670656346415137e+02, -3.9619682490909906e-03,
            2.1655544381654590e-01, 1.1938350032183014e+03,
            -7.4501832727519803e-05, -3.4894811299912750e-05, 1.0 ]
    }
}
