{
    "M": {
        "type_id": "opencv-matrix",
        "rows": 3,
        "cols": 3,
        "dt": "d",
        "data": [ 1.7626754324513119e-01, -1.2750611865189240e-01,
            8.9812952993235058e+02, -1.4614485851151370e-02,
            1.9208182644439933e-01, 1.1971928523070544e+03,
            -8.0687657051420523e-05, -4.9035104631236435e-05, 1.0 ]
    }
}
