{
    "M": {
        "type_id": "opencv-matrix",
        "rows": 3,
        "cols": 3,
        "dt": "d",
        "data": [ 1.9428670986738630e-01, -1.2943606348561387e-01,
            8.9633249894396101e+02, 4.0658472263988372e-03,
            1.9765924702798104e-01, 1.1948549962035743e+03,
            -6.8890612055913424e-05, -4.7382796200516042e-05, 1.0 ]
    }
}
