{
    "M": {
        "type_id": "opencv-matrix",
        "rows": 3,
        "cols": 3,
        "dt": "d",
        "data": [ 1.9975164464914155e-01, -1.2337863112408196e-01,
            8.9368736521011499e+02, 7.8974758117010529e-03,
            2.0701563124759653e-01, 1.1924367737099374e+03,
            -6.5814467953841248e-05, -4.3060343746411995e-05, 1.0 ]
    }
}
