{
    "M": {
        "type_id": "opencv-matrix",
        "rows": 3,
        "cols": 3,
        "dt": "d",
        "data": [ 1.7295832144780046e-01, -1.3277294114364507e-01,
            8.9997903067378854e+02, -1.8363077992515388e-02,
            1.8472409289303920e-01, 1.1982065449875827e+03,
            -8.2891547605909419e-05, -5.2550941632559141e-05, 1.0 ]
    }
}
