{
    "M": {
        "type_id": "opencv-matrix",
        "rows": 3,
        "cols": 3,
        "dt": "d",
        "data": [ 1.8218372310167891e-01, -1.0972524915061428e-01,
            9.0169999863831833e+02, -7.9489065889737122e-03,
            2.2156699407487335e-01, 1.1967390361918485e+03,
            -7.5960444611503360e-05, -3.2007248743089406e-05, 1.0 ]
    }
}
