{
    "M": {
        "type_id": "opencv-matrix",
        "rows": 3,
        "cols": 3,
        "dt": "d",
        "data": [ 1.7076172840337420e-01, -1.3643846451771363e-01,
            8.9979555080695320e+02, -1.9791570329022797e-02,
            1.7763702957900104e-01, 1.1980034344702913e+03,
            -8.4114154830770859e-05, -5.7467474021725603e-05, 1.0 ]
    }
}
