{
    "M": {
        "type_id": "opencv-matrix",
        "rows": 3,
        "cols": 3,
        "dt": "d",
        "data": [ 2.1494728837624361e-01, -1.0066233921869937e-01,
            8.8699241332155782e+02, 2.4263484395678846e-02,
            2.4273792534178987e-01, 1.1824256707558827e+03,
            -5.8206055560662148e-05, -2.3249976494454474e-05, 1.0 ]
    }
}
