{
    "M": {
        "type_id": "opencv-matrix",
        "rows": 3,
        "cols": 3,
        "dt": "d",
        "data": [ 1.6238121583152684e-01, 2.3094820947844433e-02,
            8.3349214649974283e+02, -2.3407767441574030e-02,
            2.5043526089750523e-01, 6.3606064292163433e+02,
            -4.6636327349641560e-05, 5.0331273112307492e-05, 1.0 ]
    }
}
