{
    "M": {
        "type_id": "opencv-matrix",
        "rows": 3,
        "cols": 3,
        "dt": "d",
        "data": [ 1.7056904363729034e-01, 1.2228499625463563e-02,
            8.3446322075499063e+02, -1.8075997575616499e-02,
            2.4367003686602137e-01, 6.3605171954978880e+02,
            -3.8927435921829533e-05, 3.9671148535548688e-05, 1.0 ]
    }
}
