{
    "M": {
        "type_id": "opencv-matrix",
        "rows": 3,
        "cols": 3,
        "dt": "d",
        "data": [ 1.6407774282457088e-01, 2.0246757152194466e-02,
            8.3350181953599099e+02, -2.2092403417422003e-02,
            2.4798167076515590e-01, 6.3604533809943973e+02,
            -4.4954303164921935e-05, 4.7270788313753752e-05, 1.0 ]
    }
}
