{
    "M": {
        "type_id": "opencv-matrix",
        "rows": 3,
        "cols": 3,
        "dt": "d",
        "data": [ 1.6885682761030285e-01, 2.2489060733470755e-02,
            8.3395838744322168e+02, -1.9457505354478790e-02,
            2.5195069706289358e-01, 6.3551220173132992e+02,
            -4.1247142748046653e-05, 5.0472309060734599e-05, 1.0 ]
    }
}
