{
    "M": {
        "type_id": "opencv-matrix",
        "rows": 3,
        "cols": 3,
        "dt": "d",
        "data": [ 1.6545672548767595e-01, 2.2872907867966169e-02,
            8.3399548996069643e+02, -2.1929589939135106e-02,
            2.5170700339137170e-01, 6.3569252806829184e+02,
            -4.4412816389312219e-05, 5.0755004246025438e-05,
            9.9999999999999989e-01 ]
    }
}
