{
    "M": {
        "type_id": "opencv-matrix",
        "rows": 3,
        "cols": 3,
        "dt": "d",
        "data": [ 1.6215469585475625e-01, 2.6437841463392200e-02,
            8.3506966442303394e+02, -2.4302958345885032e-02,
            2.5358484726285629e-01, 6.3751248566444463e+02,
            -4.7221446216140772e-05, 5.4094446348871289e-05, 1.0 ]
    }
}
