{
    "M": {
        "type_id": "opencv-matrix",
        "rows": 3,
        "cols": 3,
        "dt": "d",
        "data": [ 1.7601418634592925e-01, -6.8091267027085281e-03,
            8.3404924988807488e+02, -1.4447015591275690e-02,
            2.2960178967628633e-01, 6.3632437301876791e+02,
            -3.3976249138027857e-05, 2.1742487059401311e-05, 1.0 ]
    }
}
