{
    "M": {
        "type_id": "opencv-matrix",
        "rows": 3,
        "cols": 3,
        "dt": "d",
        "data": [ 1.7902233398329856e-01, 4.3423307651925995e-03,
            8.3242227488039816e+02, -1.2926563594567779e-02,
            2.3911977359234324e-01, 6.3543254704645756e+02,
            -3.2417467630994852e-05, 3.2343851894222779e-05, 1.0 ]
    }
}
