{
    "M": {
        "type_id": "opencv-matrix",
        "rows": 3,
        "cols": 3,
        "dt": "d",
        "data": [ 1.6662076369243795e-01, 2.5775132047519481e-02,
            8.3311781790145233e+02, -2.1152536948240656e-02,
            2.5415519342721576e-01, 6.3564453294134398e+02,
            -4.3317618316156968e-05, 5.3386247334932802e-05, 1.0 ]
    }
}
