{
    "M": {
        "type_id": "opencv-matrix",
        "rows": 3,
        "cols": 3,
        "dt": "d",
        "data": [ 1.6857554739713881e-01, 2.2700043300285758e-02,
            8.3348921512714651e+02, -1.9430419481854519e-02,
            2.5105650658536544e-01, 6.3552959693847720e+02,
            -4.1226173200707765e-05, 4.9968210363494717e-05, 1.0 ]
    }
}
