{
    "M": {
        "type_id": "opencv-matrix",
        "rows": 3,
        "cols": 3,
        "dt": "d",
        "data": [ 1.6871642616030830e-01, 2.0811481652381867e-02,
            8.3355806433860994e+02, -1.9776668434538888e-02,
            2.5022318107462277e-01, 6.3582426951389857e+02,
            -4.1241317474619402e-05, 4.8541245757632230e-05, 1.0 ]
    }
}
