{
    "M": {
        "type_id": "opencv-matrix",
        "rows": 3,
        "cols": 3,
        "dt": "d",
        "data": [ 1.6638300998633129e-01, 2.3762003855416915e-02,
            8.3356067879951115e+02, -2.0958471830498166e-02,
            2.5158512860467735e-01, 6.3649102337258489e+02,
            -4.3199038943849811e-05, 5.0833319455837454e-05, 1.0 ]
    }
}
