{
    "M": {
        "type_id": "opencv-matrix",
        "rows": 3,
        "cols": 3,
        "dt": "d",
        "data": [ 2.5973987050049613e-01, -7.6924004713120581e-02,
            6.8707318253608423e+02, -3.0835399355187094e-02,
            3.0181251130615855e-01, 9.6670959908313739e+02,
            -7.1963322755942011e-05, -2.1047623378605829e-05, 1.0 ]
    }
}
