{
    "M": {
        "type_id": "opencv-matrix",
        "rows": 3,
        "cols": 3,
        "dt": "d",
        "data": [ 2.6875371370157841e-01, -8.4643514723510727e-02,
            6.8691047984756415e+02, -2.1665007814794919e-02,
            2.9515862155732581e-01, 9.6729145581213902e+02,
            -6.4285912446322233e-05, -2.6988013824194339e-05, 1.0 ]
    }
}
