{
    "M": {
        "type_id": "opencv-matrix",
        "rows": 3,
        "cols": 3,
        "dt": "d",
        "data": [ 2.7393414301129176e-01, -7.6047059589650773e-02,
            6.8435650376378919e+02, -1.8430445672626500e-02,
            3.0956114012556252e-01, 9.6349491301482897e+02,
            -6.2141888957298168e-05, -1.8922896629223338e-05, 1.0 ]
    }
}
