{
    "M": {
        "type_id": "opencv-matrix",
        "rows": 3,
        "cols": 3,
        "dt": "d",
        "data": [ 2.2214396465931316e-01, -8.4126932738750548e-02,
            6.8843607759444740e+02, -6.4451459791029286e-02,
            2.6827825722632959e-01, 9.7281023443985339e+02,
            -9.8332504563541860e-05, -4.0684667066780820e-05, 1.0 ]
    }
}
