{
    "M": {
        "type_id": "opencv-matrix",
        "rows": 3,
        "cols": 3,
        "dt": "d",
        "data": [ 2.6310480492263383e-01, -7.5799035847044297e-02,
            6.8677734488088890e+02, -2.6892893818787813e-02,
            3.0539773789304414e-01, 9.6606296963263878e+02,
            -6.9245674957777405e-05, -1.9184514471255780e-05, 1.0 ]
    }
}
