{
    "M": {
        "type_id": "opencv-matrix",
        "rows": 3,
        "cols": 3,
        "dt": "d",
        "data": [ 2.7712131215854618e-01, -4.7804355158507304e-02,
            6.7219973295078728e+02, -1.9799990061308913e-02,
            3.4236512221788107e-01, 9.5952430558530500e+02,
            -6.3497870808658098e-05, 8.8438225153758221e-07, 1.0 ]
    }
}
