{
    "M": {
        "type_id": "opencv-matrix",
        "rows": 3,
        "cols": 3,
        "dt": "d",
        "data": [ 2.6109686040598690e-01, -7.6211206563105455e-02,
            6.8756235440613307e+02, -2.9522055814356740e-02,
            3.0286036306104946e-01, 9.6880551478204859e+02,
            -7.0667301239183005e-05, -1.9544405575660656e-05, 1.0 ]
    }
}
