{
    "M": {
        "type_id": "opencv-matrix",
        "rows": 3,
        "cols": 3,
        "dt": "d",
        "data": [ 2.6330858577383220e-01, -8.0967767437311433e-02,
            6.8697907498214738e+02, -2.7155163249869607e-02,
            2.9838244211076853e-01, 9.6803698605684883e+02,
            -6.8756654672515191e-05, -2.4260083370629466e-05, 1.0 ]
    }
}
