{
    "M": {
        "type_id": "opencv-matrix",
        "rows": 3,
        "cols": 3,
        "dt": "d",
        "data": [ 2.5860516351131291e-01, -7.5076312927068733e-02,
            6.8832531083344361e+02, -3.1957885487830670e-02,
            3.0387881505825687e-01, 9.6773480091184319e+02,
            -7.2327543360982944e-05, -1.9296562737472390e-05, 1.0 ]
    }
}
