{
    "M": {
        "type_id": "opencv-matrix",
        "rows": 3,
        "cols": 3,
        "dt": "d",
        "data": [ 2.9376155316575397e-01, -9.8507276244430272e-02,
            6.8058021286060932e+02, -2.6867881959288104e-04,
            2.8812614541529530e-01, 9.6136264321803344e+02,
            -4.7434945630088374e-05, -3.8721253289280606e-05, 1.0 ]
    }
}
