{
    "M": {
        "type_id": "opencv-matrix",
        "rows": 3,
        "cols": 3,
        "dt": "d",
        "data": [ 2.8124777317932043e-01, -8.7851152991176781e-02,
            6.8469559404862707e+02, -1.0474528972956485e-02,
            2.9673123196027640e-01, 9.6263955368777931e+02,
            -5.5435070859907365e-05, -2.9283973810302531e-05, 1.0 ]
    }
}
