{
    "M": {
        "type_id": "opencv-matrix",
        "rows": 3,
        "cols": 3,
        "dt": "d",
        "data": [ 2.6176357785388515e-01, -8.1918922984148101e-02,
            6.8791303550776558e+02, -2.8350883903187754e-02,
            2.9732246834289522e-01, 9.6832603084503455e+02,
            -6.9951442155410262e-05, -2.4045473804694485e-05, 1.0 ]
    }
}
