{
    "M": {
        "type_id": "opencv-matrix",
        "rows": 3,
        "cols": 3,
        "dt": "d",
        "data": [ 3.4568469824319964e-01, 5.2024043210073777e-02,
            1.6528961581255086e+02, 2.5709231679193170e-02,
            3.4871292283272126e-01, 8.6151873684993927e+02,
            6.4676337728654249e-05, 4.1213744623990770e-05, 1.0 ]
    }
}
