{
    "M": {
        "type_id": "opencv-matrix",
        "rows": 3,
        "cols": 3,
        "dt": "d",
        "data": [ 3.4098540504282338e-01, 4.6906402809701271e-02,
            1.6809189886539244e+02, 2.1838912364650354e-02,
            3.3716136787517736e-01, 8.6270763153267035e+02,
            6.0829439493831712e-05, 3.2026549804227686e-05, 1.0 ]
    }
}
