{
    "M": {
        "type_id": "opencv-matrix",
        "rows": 3,
        "cols": 3,
        "dt": "d",
        "data": [ 3.4443548166161980e-01, 5.3726115009873163e-02,
            1.6563685022492677e+02, 2.1943115504987988e-02,
            3.5614402129821560e-01, 8.6223098685615287e+02,
            6.2416103689156768e-05, 4.7467124775114257e-05, 1.0 ]
    }
}
