{
    "M": {
        "type_id": "opencv-matrix",
        "rows": 3,
        "cols": 3,
        "dt": "d",
        "data": [ 3.4482871796162257e-01, 4.8688275356188582e-02,
            1.6666712055827671e+02, 2.5641700805591298e-02,
            3.4290295356814460e-01, 8.6240751251227994e+02,
            6.5191998604327694e-05, 3.6231234768815471e-05, 1.0 ]
    }
}
