{
    "M": {
        "type_id": "opencv-matrix",
        "rows": 3,
        "cols": 3,
        "dt": "d",
        "data": [ 3.4306466864047730e-01, 4.6002409797554815e-02,
            1.6684640724922579e+02, 2.4450547115212301e-02,
            3.3539276608053181e-01, 8.6293307385286892e+02,
            6.3651370037225705e-05, 2.9800353822563705e-05, 1.0 ]
    }
}
