{
    "M": {
        "type_id": "opencv-matrix",
        "rows": 3,
        "cols": 3,
        "dt": "d",
        "data": [ 3.4345969830434081e-01, 5.0708912614466251e-02,
            1.6670117800590307e+02, 2.4185885824041308e-02,
            3.4446858329969204e-01, 8.6259040473581820e+02,
            6.3168922479504692e-05, 3.7729950013673642e-05, 1.0 ]
    }
}
