{
    "M": {
        "type_id": "opencv-matrix",
        "rows": 3,
        "cols": 3,
        "dt": "d",
        "data": [ 4.8726135788725533e-01, -1.5857830011060062e-01,
            2.3952207437011558e+02, -5.1842967890372640e-02,
            2.6993922415791144e-01, 1.1890258762704962e+03,
            -3.8598112887979514e-05, -1.9551774835429464e-04,
            9.9999999999999989e-01 ]
    }
}
