{
    "M": {
        "type_id": "opencv-matrix",
        "rows": 3,
        "cols": 3,
        "dt": "d",
        "data": [ 5.5755146009900691e-01, -1.6687183770258388e-01,
            2.1934425490003562e+02, 3.1090468643579970e-02,
            2.9875961394883266e-01, 1.1746128999168268e+03,
            1.8307785634828236e-05, -1.9811397346751345e-04, 1.0 ]
    }
}
