{
    "M": {
        "type_id": "opencv-matrix",
        "rows": 3,
        "cols": 3,
        "dt": "d",
        "data": [ 5.1404067313353141e-01, -1.5208871917849373e-01,
            2.3276994410121799e+02, -1.4217911171948873e-02,
            2.9837062177876639e-01, 1.1828157596189872e+03,
            -1.2714841913800544e-05, -1.8697571857533856e-04, 1.0 ]
    }
}
