{
    "M": {
        "type_id": "opencv-matrix",
        "rows": 3,
        "cols": 3,
        "dt": "d",
        "data": [ 5.0840470577466279e-01, -1.6823707271805635e-01,
            2.3751176588909334e+02, -1.5059559433598553e-02,
            2.5627436297128608e-01, 1.1857504855317684e+03,
            -1.3621980232254890e-05, -2.0924629833272575e-04, 1.0 ]
    }
}
