{
    "M": {
        "type_id": "opencv-matrix",
        "rows": 3,
        "cols": 3,
        "dt": "d",
        "data": [ 5.2869779864879940e-01, -1.4889096366726756e-01,
            2.2688904151475217e+02, -1.4539653889923290e-03,
            3.1631973502663119e-01, 1.1790057581628678e+03,
            -3.8544374276081038e-06, -1.7992282082780438e-04, 1.0 ]
    }
}
