{
    "M": {
        "type_id": "opencv-matrix",
        "rows": 3,
        "cols": 3,
        "dt": "d",
        "data": [ 5.1985182655910100e-01, -1.6000724679893327e-01,
            2.3334705105405621e+02, -6.2654744181316266e-03,
            2.8695434341716836e-01, 1.1825406668351739e+03,
            -7.3267694856393126e-06, -1.9434380669863487e-04, 1.0 ]
    }
}
