{
    "M": {
        "type_id": "opencv-matrix",
        "rows": 3,
        "cols": 3,
        "dt": "d",
        "data": [ 5.6058083918097479e-01, -1.6642831824041318e-01,
            2.2090938970052821e+02, 2.8870680613311543e-02,
            3.1386993997390128e-01, 1.1755227465032981e+03,
            1.7883216250157119e-05, -1.8969628806773958e-04,
            9.9999999999999989e-01 ]
    }
}
