{
    "M": {
        "type_id": "opencv-matrix",
        "rows": 3,
        "cols": 3,
        "dt": "d",
        "data": [ 5.4501840861670992e-01, -1.6255768258826131e-01,
            2.2633335921825395e+02, 1.5392824987721968e-02,
            3.0813647156034962e-01, 1.1787634683220849e+03,
            8.9319129067855087e-06, -1.8940711627364826e-04, 1.0 ]
    }
}
