{
    "M": {
        "type_id": "opencv-matrix",
        "rows": 3,
        "cols": 3,
        "dt": "d",
        "data": [ 5.1435550321332246e-01, -1.6856368345583769e-01,
            2.3608590196202783e+02, -7.9051178017812314e-03,
            2.6101758852155604e-01, 1.1849802605161403e+03,
            -8.1945602328959474e-06, -2.0875472937372425e-04, 1.0 ]
    }
}
