{
    "M": {
        "type_id": "opencv-matrix",
        "rows": 3,
        "cols": 3,
        "dt": "d",
        "data": [ 4.8867741926767982e-01, -1.6107757808063830e-01,
            2.3990057296533777e+02, -4.5062107983077311e-02,
            2.6108621029137602e-01, 1.1891197429554763e+03,
            -3.4708048254397596e-05, -2.0047805116101431e-04, 1.0 ]
    }
}
