{
    "M": {
        "type_id": "opencv-matrix",
        "rows": 3,
        "cols": 3,
        "dt": "d",
        "data": [ 5.5029167518376432e-01, -1.6504945204031182e-01,
            2.2131614511978614e+02, 2.4608129649493552e-02,
            2.9501489545215903e-01, 1.1754376000062994e+03,
            1.3910159214487334e-05, -1.9923707430569696e-04,
            9.9999999999999989e-01 ]
    }
}
