{
    "M": {
        "type_id": "opencv-matrix",
        "rows": 3,
        "cols": 3,
        "dt": "d",
        "data": [ 5.6221921546626019e-01, -1.7013854147133828e-01,
            2.1915366463771366e+02, 3.5630653467998569e-02,
            2.9682165670885635e-01, 1.1753101657065708e+03,
            2.2704437489572443e-05, -2.0196335568944062e-04, 1.0 ]
    }
}
