{
    "cols": 3,
    "data": [
        0.2837386131286621,
        0.06604563444852829,
        1272.2891845703125,
        -0.013056530617177486,
        0.30369988083839417,
        444.5702209472656,
        2.580488171588513e-06,
        2.680448415048886e-05,
        1.0
    ],
    "dt": "d",
    "rows": 3,
    "type_id": "opencv-matrix"
}
