{
    "cols": 3,
    "data": [
        0.2851331830024719,
        0.07149269431829453,
        1271.007568359375,
        -0.01265336200594902,
        0.30574822425842285,
        443.5823059082031,
        3.015302581843571e-06,
        2.9420198188745417e-05,
        1.0
    ],
    "dt": "d",
    "rows": 3,
    "type_id": "opencv-matrix"
}
