{
    "cols": 3,
    "data": [
        0.28489840030670166,
        0.06632786244153976,
        1271.3939208984375,
        -0.012708786875009537,
        0.30476948618888855,
        443.59930419921875,
        2.947242137452122e-06,
        2.713400863285642e-05,
        1.0
    ],
    "dt": "d",
    "rows": 3,
    "type_id": "opencv-matrix"
}
