{
    "cols": 3,
    "data": [
        0.28523948788642883,
        0.06870001554489136,
        1271.2073974609375,
        -0.012643694877624512,
        0.3050825893878937,
        443.6033630371094,
        3.0772812351642642e-06,
        2.8166192350909114e-05,
        1.0
    ],
    "dt": "d",
    "rows": 3,
    "type_id": "opencv-matrix"
}
