{
    "cols": 3,
    "data": [
        0.28499919176101685,
        0.06761568784713745,
        1271.5465087890625,
        -0.012568337842822075,
        0.3049391210079193,
        443.32891845703125,
        2.9982952582940925e-06,
        2.771335857687518e-05,
        1.0
    ],
    "dt": "d",
    "rows": 3,
    "type_id": "opencv-matrix"
}
