{
    "cols": 3,
    "data": [
        0.28521105647087097,
        0.06631334125995636,
        1271.5030517578125,
        -0.01264179591089487,
        0.3041781485080719,
        444.01934814453125,
        3.1238669180311263e-06,
        2.710252556425985e-05,
        1.0
    ],
    "dt": "d",
    "rows": 3,
    "type_id": "opencv-matrix"
}
