{
    "cols": 3,
    "data": [
        0.28519248962402344,
        0.06804078072309494,
        1271.1357421875,
        -0.012737114913761616,
        0.30518582463264465,
        443.6584167480469,
        3.044199502255651e-06,
        2.788645724649541e-05,
        1.0
    ],
    "dt": "d",
    "rows": 3,
    "type_id": "opencv-matrix"
}
