{
    "cols": 3,
    "data": [
        0.28047677874565125,
        0.0650545135140419,
        1271.8834228515625,
        -0.013942424207925797,
        0.3022685647010803,
        444.900146484375,
        9.370560292154551e-07,
        2.5773771994863637e-05,
        1.0
    ],
    "dt": "d",
    "rows": 3,
    "type_id": "opencv-matrix"
}
