{
    "cols": 3,
    "data": [
        0.2856573462486267,
        0.06582620739936829,
        1271.3873291015625,
        -0.012381038628518581,
        0.3039450943470001,
        443.4892883300781,
        3.3163239550049184e-06,
        2.6636873371899128e-05,
        1.0
    ],
    "dt": "d",
    "rows": 3,
    "type_id": "opencv-matrix"
}
