{
    "cols": 3,
    "data": [
        0.2836328148841858,
        0.06699442118406296,
        1272.1947021484375,
        -0.013053353875875473,
        0.3039076626300812,
        444.20220947265625,
        2.4997423224704107e-06,
        2.7172660338692367e-05,
        1.0
    ],
    "dt": "d",
    "rows": 3,
    "type_id": "opencv-matrix"
}
