{
    "M": {
        "type_id": "opencv-matrix",
        "rows": 3,
        "cols": 3,
        "dt": "d",
        "data": [ 1.8835921778110762e-01, 3.7200669913292864e-02,
            5.0954292558991295e+02, -3.2443802153047973e-03,
            2.3190723528302487e-01, 6.4197308764236209e+02,
            3.3513967012041086e-07, 4.9017931504520527e-05, 1.0 ]
    }
}
