{
    "M": {
        "type_id": "opencv-matrix",
        "rows": 3,
        "cols": 3,
        "dt": "d",
        "data": [ 1.9337941796084585e-01, 3.0556562869358761e-02,
            5.0957758042468191e+02, 1.4795358930510052e-03,
            2.2405675182170812e-01, 6.4230668529946115e+02,
            6.9619414341495483e-06, 3.8568390676626311e-05, 1.0 ]
    }
}
