{
    "M": {
        "type_id": "opencv-matrix",
        "rows": 3,
        "cols": 3,
        "dt": "d",
        "data": [ 1.8739903374030586e-01, 3.2938510723924626e-02,
            5.1013099264061606e+02, -3.6645067005419774e-03,
            2.2620329502186010e-01, 6.4246024079420988e+02,
            -2.1378906109517934e-07, 4.2157836984968451e-05, 1.0 ]
    }
}
