{
    "M": {
        "type_id": "opencv-matrix",
        "rows": 3,
        "cols": 3,
        "dt": "d",
        "data": [ 1.8713665624592885e-01, 2.9839644836385876e-02,
            5.0965084297749917e+02, -3.9317171838925682e-03,
            2.2260245973242923e-01, 6.4225375101060843e+02,
            -9.1436865308120292e-07, 3.8204347277304971e-05, 1.0 ]
    }
}
