{
    "M": {
        "type_id": "opencv-matrix",
        "rows": 3,
        "cols": 3,
        "dt": "d",
        "data": [ 1.8988529646597807e-01, 3.9900397553577382e-02,
            5.0861774274674042e+02, -2.4156100972382993e-03,
            2.3536122921826572e-01, 6.4179814550383003e+02,
            1.6586166162013376e-06, 5.3403988206933916e-05, 1.0 ]
    }
}
