{
    "M": {
        "type_id": "opencv-matrix",
        "rows": 3,
        "cols": 3,
        "dt": "d",
        "data": [ 1.8915220646554723e-01, 3.7156651284263702e-02,
            5.0920239078493512e+02, -2.4911068587535920e-03,
            2.3205132961733610e-01, 6.4215809527801582e+02,
            1.5427067309526371e-06, 4.9411740286883320e-05, 1.0 ]
    }
}
