{
    "M": {
        "type_id": "opencv-matrix",
        "rows": 3,
        "cols": 3,
        "dt": "d",
        "data": [ 1.8996294691608917e-01, 3.7190865929674390e-02,
            5.0893543978789859e+02, -1.9199058986668241e-03,
            2.3236271147575513e-01, 6.4189907620956922e+02,
            2.2089768292474747e-06, 4.9501691281869610e-05, 1.0 ]
    }
}
