{
    "M": {
        "type_id": "opencv-matrix",
        "rows": 3,
        "cols": 3,
        "dt": "d",
        "data": [ 1.9064013840086677e-01, 3.4868902971859045e-02,
            5.0981519396785410e+02, -7.7544588614561331e-04,
            2.2991446379000774e-01, 6.4157115403512182e+02,
            3.3382592878302626e-06, 4.6216436406594089e-05, 1.0 ]
    }
}
