{
    "M": {
        "type_id": "opencv-matrix",
        "rows": 3,
        "cols": 3,
        "dt": "d",
        "data": [ 1.9108913904706179e-01, 3.7567171984087454e-02,
            5.0983489235796878e+02, -7.5777360866154293e-04,
            2.3294927178282082e-01, 6.4214731649943280e+02,
            3.8424826471673037e-06, 5.0313471397715063e-05, 1.0 ]
    }
}
