{
    "M": {
        "type_id": "opencv-matrix",
        "rows": 3,
        "cols": 3,
        "dt": "d",
        "data": [ 1.8929664651017725e-01, 3.8043989823883267e-02,
            5.0870754243187520e+02, -2.7253536273652290e-03,
            2.3217502766722348e-01, 6.4225710226959154e+02,
            9.8303582993388284e-07, 4.9621957530074637e-05,
            9.9999999999999989e-01 ]
    }
}
