{
    "M": {
        "type_id": "opencv-matrix",
        "rows": 3,
        "cols": 3,
        "dt": "d",
        "data": [ 1.9172536710182617e-01, 3.5567704876844082e-02,
            5.0972765850515668e+02, -2.9000767311160075e-04,
            2.2988234430530333e-01, 6.4200025701303457e+02,
            4.2532479779841795e-06, 4.6561018786052707e-05, 1.0 ]
    }
}
