{
    "M": {
        "type_id": "opencv-matrix",
        "rows": 3,
        "cols": 3,
        "dt": "d",
        "data": [ 8.8855363586731670e-02, 2.1284721926101782e-02,
            1.1163123043324420e+03, -2.0700786579041428e-02,
            1.7116568068463048e-01, 6.0029443506672419e+02,
            -4.6815072454827550e-05, 4.2397402426264839e-05, 1.0 ]
    }
}
