{
    "M": {
        "type_id": "opencv-matrix",
        "rows": 3,
        "cols": 3,
        "dt": "d",
        "data": [ 8.9738241210065905e-02, 1.2584229522443360e-02,
            1.1159819729099593e+03, -2.0118281025397824e-02,
            1.6609061414097492e-01, 6.0052188546534978e+02,
            -4.5580951577338614e-05, 3.5919138408744182e-05,
            9.9999999999999989e-01 ]
    }
}
