{
    "M": {
        "type_id": "opencv-matrix",
        "rows": 3,
        "cols": 3,
        "dt": "d",
        "data": [ 9.2396379923816149e-02, 1.7378231390281315e-02,
            1.1169051139069074e+03, -1.8643714964082032e-02,
            1.6919594808413446e-01, 6.0021182042811654e+02,
            -4.3786478814608517e-05, 3.9491261002683555e-05, 1.0 ]
    }
}
