{
    "M": {
        "type_id": "opencv-matrix",
        "rows": 3,
        "cols": 3,
        "dt": "d",
        "data": [ 8.9495786154850820e-02, 2.0346728195391718e-02,
            1.1163614074335869e+03, -2.0173409707767275e-02,
            1.7051972432953233e-01, 6.0036467693270754e+02,
            -4.6336821460513156e-05, 4.1608244265456812e-05, 1.0 ]
    }
}
