{
    "M": {
        "type_id": "opencv-matrix",
        "rows": 3,
        "cols": 3,
        "dt": "d",
        "data": [ 9.0660249832286585e-02, 2.3285871000242080e-02,
            1.1174729319061930e+03, -1.9521308138327264e-02,
            1.7270168580806189e-01, 6.0042427951876311e+02,
            -4.5084611281203651e-05, 4.4446809193771141e-05, 1.0 ]
    }
}
