{
    "M": {
        "type_id": "opencv-matrix",
        "rows": 3,
        "cols": 3,
        "dt": "d",
        "data": [ 9.0451085883242799e-02, 1.7809228800245561e-02,
            1.1172440236630457e+03, -1.9658091296462388e-02,
            1.6945005062323107e-01, 6.0112125741504212e+02,
            -4.5231320808813902e-05, 4.0207789553423811e-05, 1.0 ]
    }
}
