{
    "M": {
        "type_id": "opencv-matrix",
        "rows": 3,
        "cols": 3,
        "dt": "d",
        "data": [ 9.0657721803709818e-02, 2.1403008980771323e-02,
            1.1153722410886805e+03, -1.9614733663154735e-02,
            1.7183973654736123e-01, 5.9983531424046680e+02,
            -4.5156024504251851e-05, 4.2702958760503442e-05, 1.0 ]
    }
}
