{
    "M": {
        "type_id": "opencv-matrix",
        "rows": 3,
        "cols": 3,
        "dt": "d",
        "data": [ 8.7938992993979545e-02, 1.6924341269938817e-02,
            1.1170447019170895e+03, -2.1253196667109526e-02,
            1.6814338996276632e-01, 6.0146508783339868e+02,
            -4.6941685515818105e-05, 3.9476332898005013e-05, 1.0 ]
    }
}
