{
    "M": {
        "type_id": "opencv-matrix",
        "rows": 3,
        "cols": 3,
        "dt": "d",
        "data": [ 8.9751363767703776e-02, 1.7929160523701811e-02,
            1.1166552469949268e+03, -2.0213103107349979e-02,
            1.6911916797984339e-01, 6.0105686598330328e+02,
            -4.5697182934862374e-05, 3.9686497390198174e-05, 1.0 ]
    }
}
