{
    "M": {
        "type_id": "opencv-matrix",
        "rows": 3,
        "cols": 3,
        "dt": "d",
        "data": [ 8.8763259343933934e-02, 1.6799519075544035e-02,
            1.1173751645693014e+03, -2.0544496786898164e-02,
            1.6916844637987855e-01, 6.0001620755291458e+02,
            -4.6498021744052821e-05, 3.9145905927181591e-05, 1.0 ]
    }
}
