{
    "M": {
        "type_id": "opencv-matrix",
        "rows": 3,
        "cols": 3,
        "dt": "d",
        "data": [ 9.0909088769712210e-02, 2.1134130896890407e-02,
            1.1170443069712730e+03, -1.9739403724797964e-02,
            1.7144472194017638e-01, 6.0080357624513249e+02,
            -4.5073480453409859e-05, 4.2880197499139834e-05, 1.0 ]
    }
}
