{
    "M": {
        "type_id": "opencv-matrix",
        "rows": 3,
        "cols": 3,
        "dt": "d",
        "data": [ 9.4056428304524153e-02, 1.3157940099834120e-02,
            1.1167125226442099e+03, -1.8018859213065758e-02,
            1.6714011073173277e-01, 6.0062083098277094e+02,
            -4.2611533695783783e-05, 3.6920124672972222e-05, 1.0 ]
    }
}
