{
    "M": {
        "type_id": "opencv-matrix",
        "rows": 3,
        "cols": 3,
        "dt": "d",
        "data": [ 1.3545466056174804e-01, 3.9613559179738382e-03,
            9.7764529416794858e+02, -3.3721151191090475e-02,
            2.4181325801525597e-01, 7.1108376812091149e+02,
            -6.9077850934140794e-05, 4.1855862811450512e-05, 1.0 ]
    }
}
