{
    "M": {
        "type_id": "opencv-matrix",
        "rows": 3,
        "cols": 3,
        "dt": "d",
        "data": [ 1.3490859830979143e-01, -3.0864785135369735e-03,
            9.7863049436368669e+02, -3.3809072285835726e-02,
            2.3688827937992490e-01, 7.1069356608468104e+02,
            -6.8988650992706801e-05, 3.5751302277379597e-05, 1.0 ]
    }
}
