{
    "M": {
        "type_id": "opencv-matrix",
        "rows": 3,
        "cols": 3,
        "dt": "d",
        "data": [ 1.4018979957553060e-01, 7.8545342855726070e-03,
            9.7809900654731189e+02, -3.1058285860075405e-02,
            2.4539650214372091e-01, 7.1072842998947067e+02,
            -6.5868298668702509e-05, 4.5220177325976389e-05,
            9.9999999999999989e-01 ]
    }
}
