{
    "M": {
        "type_id": "opencv-matrix",
        "rows": 3,
        "cols": 3,
        "dt": "d",
        "data": [ 1.3726757088619682e-01, -2.6920165670442481e-03,
            9.7819837178798446e+02, -3.2252246364493246e-02,
            2.3679348768621669e-01, 7.1089083637196495e+02,
            -6.7212354201589614e-05, 3.6356888187821151e-05, 1.0 ]
    }
}
