{
    "M": {
        "type_id": "opencv-matrix",
        "rows": 3,
        "cols": 3,
        "dt": "d",
        "data": [ 1.3914464931748921e-01, -1.6059565166128890e-02,
            9.7892117538936509e+02, -3.0784422703713447e-02,
            2.2694592440462638e-01, 7.1169710761111378e+02,
            -6.5300739844822520e-05, 2.3720238918559578e-05, 1.0 ]
    }
}
