{
    "M": {
        "type_id": "opencv-matrix",
        "rows": 3,
        "cols": 3,
        "dt": "d",
        "data": [ 1.3720822673446265e-01, 3.5196282593420230e-03,
            9.7792021516686862e+02, -3.2569810539471285e-02,
            2.4177617347798183e-01, 7.0978819255151006e+02,
            -6.7645000504811030e-05, 4.1164298146529249e-05, 1.0 ]
    }
}
