{
    "M": {
        "type_id": "opencv-matrix",
        "rows": 3,
        "cols": 3,
        "dt": "d",
        "data": [ 1.3633349262452113e-01, 5.2729558354831230e-03,
            9.7831999013456323e+02, -3.3251704553988959e-02,
            2.4343629577647902e-01, 7.1057354926039886e+02,
            -6.8656119730198562e-05, 4.3435881188507728e-05, 1.0 ]
    }
}
