{
    "M": {
        "type_id": "opencv-matrix",
        "rows": 3,
        "cols": 3,
        "dt": "d",
        "data": [ 1.3640024954996519e-01, 4.6479778433997787e-04,
            9.7854574511505291e+02, -3.3108966855566344e-02,
            2.3953154315323494e-01, 7.1060398225025665e+02,
            -6.8377691406215199e-05, 3.9137028514323411e-05,
            9.9999999999999989e-01 ]
    }
}
