{
    "M": {
        "type_id": "opencv-matrix",
        "rows": 3,
        "cols": 3,
        "dt": "d",
        "data": [ 1.2868284550111675e-01, 9.5748506906279361e-03,
            9.7773272919701526e+02, -3.8938572583455164e-02,
            2.4650036777405368e-01, 7.1078374828364099e+02,
            -7.4533869071049974e-05, 4.6876104948551134e-05, 1.0 ]
    }
}
