{
    "M": {
        "type_id": "opencv-matrix",
        "rows": 3,
        "cols": 3,
        "dt": "d",
        "data": [ 1.3427291189539620e-01, 3.1256752421871935e-03,
            9.7822640188422565e+02, -3.4579403325630115e-02,
            2.4173238989333395e-01, 7.1129094284472569e+02,
            -6.9981739268213804e-05, 4.1612985674459256e-05, 1.0 ]
    }
}
