{
    "M": {
        "type_id": "opencv-matrix",
        "rows": 3,
        "cols": 3,
        "dt": "d",
        "data": [ 2.7362310645948867e-01, -8.1513212864367274e-02,
            6.9068267077954067e+02, -1.5689588187081171e-02,
            3.0287231788548424e-01, 9.6445759872547012e+02,
            -5.9946135880261448e-05, -2.2869948156080607e-05, 1.0 ]
    }
}
