{
    "M": {
        "type_id": "opencv-matrix",
        "rows": 3,
        "cols": 3,
        "dt": "d",
        "data": [ 1.3311837533745827e-01, 3.2940488480926564e-03,
            9.7849615376089025e+02, -3.5537011728808410e-02,
            2.4112808308509062e-01, 7.1046783443205356e+02,
            -7.0818900649958068e-05, 4.1389076078465738e-05, 1.0 ]
    }
}
